                                     0
                                     |
            +--------------------+---+-------+------+----+---+
            |                    |           |      |    |   |
            1                    2           |      |    |   |
            |                    |           |      |    |   |
   +------+-+--+---+    +------+-+--+---+    |      |    |   |
   |      |    |   |    |      |    |   |    |      |    |   |
   4      7    |   |    5      8    |   |    3      6    |   |
   |      |    |   |    |      |    |   |    |      |    |   |
 +-+-+  +-+-+  |   |  +-+-+  +-+-+  |   |  +-+-+  +-+-+  |   |
 |   |  |   |  |   |  |   |  |   |  |   |  |   |  |   |  |   |
13  22 16  25 10  19 14  23 17  26 11  20 12  21 15  24  9  18
