	 +----+----+----+----+----+----+----+----+----+----+
	 |  0 |  1 |    |    |    |    |    |    |    |    |
	 +----+----+----+----+----+----+----+----+----+----+
	 | 10 | 11 | 12 |    |    |    |    |    |    |    |
	 +----+----+----+----+----+----+----+----+----+----+
	 |    | 21 | 22 | 23 |    |    |    |    |    |    |
	 +----+----+----+----+----+----+----+----+----+----+
	 |    |    | 32 | 33 | 34 |    |    |    |    |    |
	 +----+----+----+----+----+----+----+----+----+----+
	 |    |    |    | 43 | 44 | 45 |    |    |    |    |
	 +----+----+----+----+----+----+----+----+----+----+
	 |    |    |    |    | 54 | 55 | 56 |    |    |    |
	 +----+----+----+----+----+----+----+----+----+----+
	 |    |    |    |    |    | 65 | 66 | 67 |    |    |
	 +----+----+----+----+----+----+----+----+----+----+
	 |    |    |    |    |    |    | 76 | 77 | 78 |    |
	 +----+----+----+----+----+----+----+----+----+----+
	 |    |    |    |    |    |    |    | 87 | 88 | 89 |
	 +----+----+----+----+----+----+----+----+----+----+
	 |    |    |    |    |    |    |    |    | 98 | 99 |
	 +----+----+----+----+----+----+----+----+----+----+
